0.299, -0.01768054, 0.0008862767, -0.02609973, -0.01760689, -0.001839599, -0.02609973
0.549, 0.02036401, -0.001364001, -0.007524298, 0.02033385, 0.001757204, -0.007524298
0.824, -0.05136168, 0.005294335, -0.0573821, -0.05156479, -0.002669259, -0.0573821
1.064, 0.05713353, 0.002281982, 0.06134518, 0.0561483, 0.01080815, 0.06134518
1.309, 0.04577737, -0.03939729, -0.06169865, 0.05145876, -0.03161819, -0.06169865
1.599, 0.0748566, 0.02827459, -0.0214095, 0.06968252, 0.03933585, -0.0214095
1.899, 0.009964687, 0.04587001, -0.008803515, 0.002734051, 0.04686019, -0.008803515
2.184, 0.0598148, 0.02274651, -0.01530544, 0.05564371, 0.03160681, -0.01530544
2.449, 0.02584147, 0.08092656, 0.01049376, 0.01319224, 0.08392172, 0.01049376
2.669, 0.09776434, -0.05572252, -0.08638614, 0.1051228, -0.04015043, -0.08638614
2.895, 0.01983653, 0.009301662, -0.0301878, 0.01819606, 0.01220295, -0.0301878
3.194, -0.01416311, 0.01846221, -0.03158823, -0.0168137, 0.0160856, -0.03158823
3.469, -0.03672886, -0.03752633, -0.09215617, -0.03019026, -0.04296258, -0.09215617
3.714, 0.1257953, -0.02983515, 0.03182117, 0.1288664, -0.01039487, 0.03182117
3.989, -0.04089091, -0.02999103, -0.04177544, -0.03560242, -0.03611089, -0.04177544
4.224, 0.02854416, 0.1489037, -0.09712145, 0.005919173, 0.1514994, -0.09712145
4.484, -0.04582434, 0.1072796, -0.1543737, -0.06169639, 0.0990068, -0.1543737
4.704, 0.05873332, -0.03403529, -0.008693455, 0.0632847, -0.02455708, -0.008693455
5.024, -0.03884288, 0.05777808, -0.0008595526, -0.04718551, 0.05119183, -0.0008595526
5.289, 0.002507237, 0.08897917, -0.01415713, -0.0109238, 0.08834166, -0.01415713
5.569, -0.002966182, 0.03431648, 0.05902534, -0.007993596, 0.03350405, 0.05902534
5.824, 0.04525102, 0.005004193, 0.007777618, 0.04415688, 0.01108452, 0.007777618
6.049, 0.0718976, 0.05580166, -0.01495079, 0.06507076, 0.06363087, -0.01495079
6.319, 0.01284283, -0.01689368, -0.04385283, 0.01496168, -0.01504935, -0.04385283
6.564, -0.06647878, -0.03622754, 0.02835737, -0.06024738, -0.04584884, 0.02835737
6.749, -0.07314315, 0.01093164, 0.1643941, -0.07394677, 0.001138774, 0.1643941
6.969, -0.08032418, 0.07051875, 0.1567691, -0.08948617, 0.05845592, 0.1567691
7.204, -0.1118007, 0.06531169, 0.2313789, -0.1198278, 0.04905413, 0.2313789
7.454, 0.05661222, 0.1070829, 0.3187676, 0.0404043, 0.1141892, 0.3187676
7.689, 0.06074126, 0.1168122, 0.2871664, 0.04348888, 0.1242712, 0.2871664
7.924, 0.1854548, -0.01131485, 0.345274, 0.1853112, 0.01346275, 0.345274
8.154, 0.3127099, -0.06973416, 0.164653, 0.3188126, -0.03176241, 0.164653
8.384, 0.3911607, 0.06997223, 0.0813788, 0.380264, 0.1153346, 0.0813788
8.644, 0.3459381, 0.04468291, 0.03966686, 0.3430509, 0.0631332, 0.03966686
8.854, 0.3907779, 0.08165125, 0.1160027, 0.389647, 0.08688767, 0.1160027
9.104, 0.3316372, 0.01138962, 0.07770264, 0.3314687, 0.01553886, 0.07770264
9.359, 0.3868141, 0.03519736, 0.01384623, 0.3867171, 0.03624827, 0.01384623
9.599, 0.2466111, 0.09115488, -0.03896105, 0.2453284, 0.0945527, -0.03896105
9.809, 0.1965768, -0.01993036, 0.09382822, 0.1970423, -0.01462786, 0.09382822
10.044, 0.07673436, 0.05840788, 0.02085794, 0.07496129, 0.0606667, 0.02085794
10.289, 0.08049837, -0.04558399, 0.02381772, 0.08097757, -0.04472717, 0.02381772
10.554, -0.005412422, -0.1147198, 0.1312069, -0.001745604, -0.1148341, 0.1312069
10.789, 0.03526402, 0.01110887, 0.09393821, 0.03488739, 0.01224042, 0.09393821
11.024, 0.05359514, 0.05357118, 0.07434011, 0.05170676, 0.05539604, 0.07434011
11.259, -0.0188516, 0.1077609, 0.1899937, -0.02100025, 0.1073629, 0.1899937
11.490, 0.05524715, 0.05738216, 0.10085, 0.0546405, 0.05796012, 0.10085
11.724, -0.05400655, 0.1094586, -0.03987572, -0.05477171, 0.1090777, -0.03987572
11.939, 0.031844, -0.02270774, 0.07829192, 0.03206972, -0.02238783, 0.07829192
12.159, 0.08804879, -0.1182206, -0.05411174, 0.0884111, -0.1179499, -0.05411174
12.394, 0.03532261, -0.1488172, -0.03576823, 0.03810446, -0.1481293, -0.03576823
12.619, -0.003148778, -0.1107191, -0.05099155, -0.003946278, -0.1106935, -0.05099155
12.860, -0.004160519, -0.05267858, -0.2046527, -0.005001766, -0.05260537, -0.2046527
13.089, 0.115899, -0.002980913, 0.05607027, 0.1154438, -0.01068603, 0.05607027
13.334, 0.0684626, -0.008912562, 0.01648506, 0.06726853, -0.01554044, 0.01648506
13.594, 0.09036936, 0.04378666, -0.1528843, 0.09475817, 0.03323829, -0.1528843
13.834, 0.0221165, 0.04568232, 0.04156016, 0.02782578, 0.04244692, 0.04156016
14.094, -0.008739407, 0.02483196, 0.007507349, -0.005543545, 0.02573466, 0.007507349
14.329, -0.164024, 0.01790209, -0.06503946, -0.1608433, 0.03679355, -0.06503946
14.560, -0.2287673, 0.07504057, 0.08221912, -0.2178145, 0.1025786, 0.08221912
14.754, -0.1173806, -0.05049981, 0.1257355, -0.1219393, -0.03819985, 0.1257355
14.949, -0.1250059, 0.1054798, 0.1711934, -0.1123821, 0.118839, 0.1711934
15.194, -0.1120177, 0.0746113, 0.1007718, -0.1028555, 0.08680758, 0.1007718
15.404, -0.01317856, 0.1001447, -0.0501345, -0.0004096683, 0.1010072, -0.0501345
15.634, 0.03740381, 0.04468606, -0.07554311, 0.04243597, 0.03993842, -0.07554311
15.834, 0.0789228, 0.07013739, -0.1839375, 0.08662254, 0.0603705, -0.1839375
16.064, 0.1550448, 0.05560193, -0.1640615, 0.15987, 0.03964883, -0.1640615
16.304, 0.1737268, -0.04942991, -0.05469894, 0.1685939, -0.06481059, -0.05469894
16.534, 0.08823649, 0.03349198, -0.0386094, 0.09080523, 0.02572548, -0.0386094
16.779, 0.163964, 0.04301158, -0.1148174, 0.1671075, 0.02844739, -0.1148174
17.024, 0.06082433, 0.09627802, -0.04927826, 0.06865986, 0.09085637, -0.04927826
17.279, 0.09116203, 0.02326167, -0.06884908, 0.09289233, 0.014921, -0.06884908
17.534, 0.08637785, 0.08015326, -0.1227212, 0.09365384, 0.07151669, -0.1227212
17.764, -0.1523926, 0.01686209, -0.03157661, -0.1504012, 0.02978773, -0.03157661
17.994, -0.1542456, -0.08965331, -0.06596852, -0.1614101, -0.07600128, -0.06596852
18.204, -0.101893, -0.05994946, -0.03754148, -0.1065102, -0.05129991, -0.03754148
18.439, -0.1909222, -0.05374013, 0.09459182, -0.1940823, -0.04088185, 0.09459182
18.679, 0.009925669, 0.0451178, 0.08435031, 0.0122644, 0.04453896, 0.08435031
18.889, 0.1764146, -0.05750936, 0.02968115, 0.1724216, -0.06855808, 0.02968115
19.104, 0.006495975, -0.005603075, -0.0009120859, 0.006060678, -0.00607127, -0.0009120859
19.324, 0.0895439, 0.07604511, -0.0793386, 0.09595669, 0.06777376, -0.0793386
19.534, 0.1675001, 0.08322834, -0.1680704, 0.1739034, 0.06885376, -0.1680704
19.764, 0.166412, 0.07975477, -0.06277597, 0.1723868, 0.06585271, -0.06277597
19.979, 0.1093247, 0.1201077, -0.1146063, 0.1174763, 0.1121475, -0.1146063
20.174, 0.1274972, 0.09769866, -0.07086457, 0.1346665, 0.0875528, -0.07086457
20.414, 0.1000253, 0.07273768, -0.126196, 0.105939, 0.06381814, -0.126196
20.640, 0.1914498, 0.04811771, -0.1410836, 0.1946198, 0.03303778, -0.1410836
20.884, 0.08430664, 0.08772559, -0.1994151, 0.09103492, 0.08072195, -0.1994151
21.129, -0.03203889, 0.1504102, -0.09303447, -0.02082733, 0.1523678, -0.09303447
21.380, 0.01595864, 0.05196204, -0.07069111, 0.02035757, 0.0504014, -0.07069111
21.614, -0.1116939, 0.07025221, -0.06513917, -0.1067542, 0.07755275, -0.06513917
21.854, 0.01514495, -0.02270027, 0.05750151, 0.01363724, -0.02363678, 0.05750151
22.074, -0.02369857, 0.0652189, 0.008790015, -0.01928795, 0.0666566, 0.008790015
22.340, -0.07334146, -0.05950114, -0.1029356, -0.0772941, -0.05426764, -0.1029356
22.584, -0.01195108, -0.1609715, 0.03371177, -0.01755825, -0.1604567, 0.03371177
22.799, 0.07806587, -0.05846222, -0.0516646, 0.07666688, -0.06028517, -0.0516646
23.029, 0.01807653, -0.01680495, 0.00274394, 0.01796046, -0.01692895, 0.00274394
23.264, -0.05071209, -0.1105864, 0.0536931, -0.05024663, -0.1107987, 0.0536931
23.494, 0.02334711, -0.1229142, 0.08583959, 0.02267848, -0.1230393, 0.08583959
23.754, 0.03373118, -0.1684501, 0.01296831, 0.0319524, -0.1687966, 0.01296831
23.964, 0.07090204, 0.05461161, 0.0258171, 0.07260279, 0.05232937, 0.0258171
24.194, 0.01824138, 0.002114912, 0.06946042, 0.01834704, 0.0007790443, 0.06946042
24.400, 0.006080075, 0.08372849, -0.005202826, 0.01470225, 0.08265151, -0.005202826
24.629, -0.1085917, 0.1870027, -0.0886997, -0.08967106, 0.1967772, -0.0886997
24.849, -0.1428681, 0.3424025, -0.009727804, -0.1098987, 0.3543628, -0.009727804
25.114, -0.08274734, 0.3053268, -0.02219954, -0.04892373, 0.3125348, -0.02219954
25.334, -0.2129792, 0.4414624, -0.0406468, -0.1721577, 0.4589237, -0.0406468
25.554, -0.2139575, 0.3058543, -0.02883285, -0.1913961, 0.3204562, -0.02883285
25.804, -0.04316636, 0.1911952, -0.06817706, -0.0311531, 0.1935159, -0.06817706
26.019, -0.008161917, 0.05612118, 0.06734405, -0.005776153, 0.05641666, 0.06734405
26.259, 0.01418251, -0.1840123, 0.04381763, 0.006214373, -0.1844534, 0.04381763
26.494, 0.1397012, -0.1791506, 0.08059192, 0.1314829, -0.1852663, 0.08059192
26.764, 0.2435375, -0.2958168, -0.006644106, 0.222023, -0.3122881, -0.006644106
27.004, 0.01533759, -0.138763, -0.001260063, 0.0007086908, -0.1396063, -0.001260063
27.244, 0.1185607, 0.002004182, -0.1059008, 0.1181125, -0.01049206, -0.1059008
27.490, 0.1110686, 0.02263627, -0.1661002, 0.1127511, 0.01165445, -0.1661002
27.715, 0.016775, 0.2226267, -0.05019252, 0.03729061, 0.2201214, -0.05019252
27.984, -0.0230101, 0.2999191, -0.0891462, -0.001305126, 0.3007976, -0.0891462
28.210, -0.03162273, 0.520479, -0.1550121, 0.005522773, 0.5214096, -0.1550121
28.425, 0.001953115, 0.40246, 0.007833969, 0.02863005, 0.4014451, 0.007833969
28.684, 0.07134144, 0.542731, 0.2091893, 0.1025565, 0.5377069, 0.2091893
28.914, 0.08349752, 0.3884841, 0.04794959, 0.1059004, 0.3829841, 0.04794959
29.134, 0.1050481, 0.3270131, 0.07548542, 0.12504, 0.3199027, 0.07548542
29.329, 0.1476343, 0.2113017, -0.01748772, 0.1608685, 0.2014091, -0.01748772
29.549, 0.07549375, 0.1196116, 0.06379351, 0.08341323, 0.11423, 0.06379351
29.784, 0.00979528, -0.04054959, 0.02849042, 0.007553873, -0.04102628, 0.02849042
30.005, -0.00412091, 0.04005588, 0.03737655, -0.002797294, 0.04017002, 0.03737655
30.224, -0.02176927, 0.08061283, -0.05117395, -0.02098697, 0.08082003, -0.05117395
30.444, 0.1712188, 0.04107748, -0.0964974, 0.1717319, 0.03887683, -0.0964974
30.654, 0.002468628, -0.04261769, -0.10066, 0.001097803, -0.042675, -0.10066
30.879, 0.1151003, -0.07582428, -0.03188071, 0.1114342, -0.08111612, -0.03188071
31.094, 0.1690945, -0.07028388, -0.05984669, 0.1648077, -0.07981974, -0.05984669
31.324, 0.006243783, 0.07831178, -0.07691964, 0.01050394, 0.07785491, -0.07691964
31.554, -0.02345096, -0.01103766, -0.07622711, -0.02404494, -0.009675656, -0.07622711
31.784, -0.04239048, 0.06131205, -0.0376673, -0.03765852, 0.06432694, -0.0376673
32.005, -0.0339503, 0.1784162, -0.03839786, -0.01594689, 0.1809162, -0.03839786
32.249, -0.0951766, 0.1147133, -0.007740895, -0.08034036, 0.1255514, -0.007740895
32.464, -0.1086483, 0.169122, -0.07485478, -0.08502612, 0.1821462, -0.07485478
32.699, -0.09355932, 0.2872155, -0.02143651, -0.05376269, 0.2972468, -0.02143651
32.924, -0.07631255, 0.2270853, -0.009407096, -0.04675603, 0.2349579, -0.009407096
33.160, -0.2275522, 0.1949282, -0.10587, -0.2002489, 0.2228842, -0.10587
33.369, -0.1145535, 0.2798787, -0.01352481, -0.07860085, 0.2920214, -0.01352481
33.609, -0.07728442, 0.1321158, -0.06687263, -0.06239908, 0.1397634, -0.06687263
33.854, 0.01075065, 0.1270716, 0.06791519, 0.02239747, 0.1255434, 0.06791519
34.104, 0.1327846, -0.002469691, 0.06494679, 0.1324001, -0.01039494, 0.06494679
34.324, 0.1747657, -0.01226336, 0.02124292, 0.1743534, -0.01715599, 0.02124292
34.554, 0.2363631, -0.1611466, 0.01886063, 0.2345543, -0.1637682, 0.01886063
34.799, 0.1410389, -0.1152226, 0.01859761, 0.1382729, -0.1185277, 0.01859761
35.024, 0.2571746, -0.2513739, 0.1147353, 0.2481352, -0.2603009, 0.1147353
35.249, 0.1944493, -0.2001909, 0.1874158, 0.189733, -0.2046663, 0.1874158
35.484, 0.09170543, -0.1051913, 0.500202, 0.08966925, -0.1069324, 0.500202
35.684, -0.02225311, 0.02588706, 0.6482021, -0.02091711, 0.02697805, 0.6482021
35.924, -0.05629464, 0.113112, 0.7264158, -0.05033974, 0.115885, 0.7264158
36.144, -0.05919322, 0.0719119, 0.565043, -0.05427418, 0.07569328, 0.565043
36.404, -0.09893245, 0.1911746, 0.4259241, -0.0854198, 0.1975824, 0.4259241
36.629, -0.09840748, 0.1263259, 0.2887856, -0.08930492, 0.1329169, 0.2887856
36.859, -0.1206121, 0.1458224, 0.1057661, -0.1107204, 0.153468, 0.1057661
37.100, -0.1204374, 0.07536127, 0.07152497, -0.1159179, 0.08214334, 0.07152497
37.319, -0.142801, 0.1285622, 0.07538487, -0.1397833, 0.131837, 0.07538487
37.564, -0.03825653, -0.08152872, 0.09147439, -0.04007333, -0.08065124, 0.09147439
37.799, 0.07576324, -0.04557007, 0.01405145, 0.07487385, -0.04701708, 0.01405145
38.034, 0.125031, -0.159693, 0.06664234, 0.1221268, -0.1619248, 0.06664234
38.244, 0.1062159, -0.1291966, 0.02914304, 0.1042483, -0.1307894, 0.02914304
38.454, 0.08877382, -0.1322092, 0.05398206, 0.08810566, -0.1326554, 0.05398206
38.699, 0.09192447, -0.05368825, -0.01159385, 0.0918935, -0.05374124, -0.01159385
38.954, 0.1047429, 0.03407267, -0.02492711, 0.1066437, 0.02755273, -0.02492711
39.209, 0.07483008, 0.02093766, 0.02505917, 0.07593394, 0.0164913, 0.02505917
39.429, 0.05370304, 0.0760254, -0.01006609, 0.05829147, 0.0725671, -0.01006609
39.639, -0.1054252, 0.1717248, 0.04163789, -0.09385119, 0.1783138, 0.04163789
39.834, -0.01734067, 0.2629442, -0.004053739, -0.006290463, 0.2634403, -0.004053739
40.085, -0.1365821, 0.1840066, -0.05396768, -0.1280685, 0.1900304, -0.05396768
40.334, -0.09030124, 0.01339972, -0.008171106, -0.08992994, 0.01569946, -0.008171106
40.569, 0.09697933, -0.002643615, -0.09422658, 0.09682629, -0.006053888, -0.09422658
40.809, 0.08712706, -0.1667847, 0.03893774, 0.08363883, -0.168561, 0.03893774
41.049, 0.2112686, -0.2234209, 0.006827771, 0.1965482, -0.2364743, 0.006827771
41.265, 0.1852942, -0.1988341, -0.07812027, 0.1706268, -0.2115548, -0.07812027
41.489, 0.1523297, -0.1273902, -0.03600102, 0.143603, -0.1371523, -0.03600102
41.715, -0.01026057, -0.02031138, -0.02185914, -0.01020142, -0.02034115, -0.02185914
41.929, -0.1088208, -0.01970182, -0.1559737, -0.1089417, -0.01902219, -0.1559737
42.135, 0.06372637, 0.04742702, -0.02124297, 0.063768, 0.04737105, -0.02124297
42.349, -0.0511254, 0.06212925, -0.05655476, -0.05116546, 0.06209627, -0.05655476
42.589, 0.04425089, -0.0993123, -0.1147593, 0.04217027, -0.1002135, -0.1147593
42.854, 0.01843239, -0.04627478, 0.05836213, 0.01717154, -0.04675731, 0.05836213
43.119, -0.001784803, -0.06909636, -0.0830361, -0.005565093, -0.06889501, -0.0830361
43.384, -0.2046354, 0.02759426, -0.03787841, -0.2014712, 0.04523759, -0.03787841
43.639, -0.2847883, 0.2215843, 0.07061984, -0.2594633, 0.2507644, 0.07061984
43.900, -0.3658001, 0.236404, -0.08613968, -0.3334526, 0.2801889, -0.08613968
44.139, -0.4672582, 0.2797238, 0.01443508, -0.4181094, 0.3489414, 0.01443508
44.389, -0.4440111, 0.275699, -0.06430531, -0.3906955, 0.3471496, -0.06430531
44.614, -0.3829642, 0.2797206, -0.08289692, -0.3253902, 0.3450021, -0.08289692
44.850, -0.3592371, 0.3159372, -0.02662115, -0.3080757, 0.3660013, -0.02662115
45.044, -0.1901967, 0.2556103, -0.07777943, -0.1555976, 0.2780302, -0.07777943
45.270, -0.07485592, 0.09276489, 0.07426165, -0.0638475, 0.100659, 0.07426165
45.489, 0.09659898, 0.03268324, 0.1119264, 0.09852023, 0.02633104, 0.1119264
45.729, 0.190651, -0.1689554, 0.06382734, 0.1831232, -0.1770865, 0.06382734
45.954, 0.3833393, -0.2592313, 0.1320657, 0.3755268, -0.2704245, 0.1320657
46.184, 0.4110847, -0.3420061, 0.09522597, 0.395099, -0.3603548, 0.09522597
46.404, 0.4695001, -0.3473174, 0.106117, 0.4518764, -0.3699559, 0.106117
46.644, 0.3960201, -0.2799869, 0.01747539, 0.3786122, -0.3031129, 0.01747539
46.905, 0.2620086, -0.2006427, -0.07126596, 0.2456355, -0.2203842, -0.07126596
47.125, 0.08868157, -0.1325997, -0.0929082, 0.07736807, -0.1395037, -0.0929082
47.339, -0.08553016, -0.05251943, 0.02665433, -0.08960737, -0.04521303, 0.02665433
47.614, -0.07907306, 0.1089651, 0.01863268, -0.07176114, 0.1139134, 0.01863268
47.849, -0.1894808, 0.1288206, -0.02328626, -0.1846005, 0.1357217, -0.02328626
48.074, -0.16424, 0.04679538, -0.06449235, -0.1616396, 0.05511083, -0.06449235
48.329, -0.0665486, 0.005983752, -0.05136116, -0.06610037, 0.009760261, -0.05136116
48.559, -0.06897465, 0.008647375, -0.04822032, -0.06839515, 0.01242516, -0.04822032
48.799, 0.07809595, 0.07649622, -0.1094149, 0.08257724, 0.07163553, -0.1094149
49.054, 0.1153367, -0.007423655, -0.03405521, 0.1148293, -0.01311114, -0.03405521
49.274, -0.05655335, -0.01949527, -0.07927812, -0.05767879, -0.01585888, -0.07927812
49.489, -0.04940241, 0.01442704, -0.1030362, -0.04788376, 0.01886486, -0.1030362
49.714, -0.0593328, 0.04990565, -0.1595636, -0.05346008, 0.05615137, -0.1595636
49.934, -0.005367085, -0.03981093, -0.2006373, -0.01062119, -0.03874152, -0.2006373
50.159, -0.0797956, 0.06255671, -0.3785332, -0.07052744, 0.07284614, -0.3785332
50.394, -0.1793802, 0.06379674, -0.7287265, -0.168747, 0.08815743, -0.7287265
50.634, -0.1594419, 0.073495, -0.8068916, -0.1488349, 0.09312027, -0.8068916
50.849, -0.1060873, 0.09043577, -0.8982716, -0.09545895, 0.101591, -0.8982716
51.089, -0.02653689, 0.05910412, -0.5627004, -0.02008256, 0.06159703, -0.5627004
51.324, 0.1197904, 0.09220421, -0.3964691, 0.1280269, 0.0803771, -0.3964691
51.530, 0.2028712, 0.01210925, -0.1803475, 0.2031711, -0.004987384, -0.1803475
51.754, 0.2577869, -0.04156297, -0.09562136, 0.2539478, -0.06076259, -0.09562136
51.999, 0.1835006, -0.150574, 0.01485002, 0.1746747, -0.1607288, 0.01485002
52.254, 0.2534022, -0.01818167, 0.03018256, 0.2522482, -0.03023427, 0.03018256
52.499, 0.08606889, 0.04487453, -0.09740677, 0.08818346, 0.04056174, -0.09740677
52.754, 0.06868451, -0.02321328, -0.1357845, 0.06764141, -0.02609706, -0.1357845
53.004, 0.0697566, 0.1421089, -0.105812, 0.07338621, 0.140269, -0.105812
53.254, 0.1032602, -0.03357881, -0.04624276, 0.1020135, -0.03719461, -0.04624276
53.444, 0.01473773, 0.1144159, -0.005815362, 0.01823357, 0.1139111, -0.005815362
53.694, 0.05213733, 0.07268409, -0.02859213, 0.0544218, 0.07098976, -0.02859213
53.929, -0.04386742, 0.1067521, -0.03413969, -0.03942832, 0.1084701, -0.03413969
54.139, -0.1142453, 0.008991772, -0.02464863, -0.1134763, 0.01599913, -0.02464863
54.364, -0.01509582, 0.1040494, -0.05207717, -0.005343707, 0.1050029, -0.05207717
54.574, -0.02663525, 0.141055, -0.0239039, -0.01278954, 0.1429769, -0.0239039
54.794, -0.06012335, 0.1537433, -0.1158536, -0.04335907, 0.1592853, -0.1158536
55.019, -0.09573404, 0.1773016, -0.07691988, -0.07504502, 0.1870003, -0.07691988
55.239, -0.1570804, 0.137307, -0.01851863, -0.1421047, 0.1527538, -0.01851863
55.449, -0.05324073, 0.0888225, 0.07727921, -0.04252394, 0.09442312, 0.07727921
55.689, -0.06530115, -0.01502853, 0.01818068, -0.06642106, -0.008850964, 0.01818068
55.909, 0.08133181, 0.03722083, -0.02379105, 0.08426142, 0.03000444, -0.02379105
56.159, -0.0126762, -0.006084022, -0.0488744, -0.01309878, -0.005111116, -0.0488744
56.375, 0.04098256, -0.0755313, -0.01635609, 0.03520338, -0.07839177, -0.01635609
56.614, 0.07479221, -0.2106449, 0.002601678, 0.05949717, -0.2154652, 0.002601678
56.804, 0.2270811, -0.1378042, -0.04939491, 0.2155952, -0.1551596, -0.04939491
57.024, 0.1453556, -0.1955155, -0.03414381, 0.1298106, -0.2061645, -0.03414381
57.234, 0.166465, -0.2276186, -0.01075827, 0.1479395, -0.2400723, -0.01075827
57.464, 0.1093063, -0.2069967, -0.05831329, 0.09381381, -0.2144632, -0.05831329
57.700, 0.09194729, -0.1867678, -0.07723022, 0.07787301, -0.1930604, -0.07723022
57.954, 0.03553431, -0.2193215, -0.07454517, 0.02379918, -0.2209032, -0.07454517
58.224, 0.05353744, -0.3521407, -0.07355346, 0.0413424, -0.3537798, -0.07355346
58.449, -0.03330487, -0.5445104, 0.03634638, -0.04081269, -0.5439991, 0.03634638
58.680, -0.02223952, -0.5688564, 0.00279782, -0.02024068, -0.568931, 0.00279782
58.934, 0.1176555, -0.5772951, 0.04126174, 0.1099255, -0.5788168, 0.04126174
59.194, 0.05145974, -0.4917229, 0.001942325, 0.04048828, -0.4927477, 0.001942325
59.409, 0.09680772, -0.4200141, 0.03698743, 0.0728865, -0.424819, 0.03698743
59.629, -0.01813136, -0.2573753, -0.004741701, -0.03981403, -0.2549228, -0.004741701
59.879, -0.1155186, -0.07293002, -0.02261231, -0.1233469, -0.05872711, -0.02261231
60.099, -0.09628277, 0.01142189, -0.08794347, -0.09447725, 0.02179174, -0.08794347
60.344, -0.1288864, 0.1728802, -0.03088781, -0.1125864, 0.1839119, -0.03088781
60.554, -0.2142828, 0.1655076, 0.001135697, -0.1982673, 0.1843908, 0.001135697
60.769, -0.2433446, 0.04611037, -0.09167415, -0.2379686, 0.06865613, -0.09167415
60.984, -0.04140152, -0.004116843, -0.0006246444, -0.04159084, -0.001111944, -0.0006246444
61.204, -0.007137203, -0.03293321, -0.01055245, -0.009270117, -0.03239754, -0.01055245
61.454, 0.05522748, -0.03596822, 0.06310081, 0.05367994, -0.0382394, 0.06310081
61.700, -0.02890125, -0.127943, -0.08892812, -0.03713449, -0.1258003, -0.08892812
61.934, 0.06906658, -0.1110538, 0.04786526, 0.06180212, -0.1152547, 0.04786526
62.184, 0.1140589, -0.1583021, -0.004180414, 0.1001113, -0.1674716, -0.004180414
62.404, 0.1063233, 0.06545775, -0.01509741, 0.1120311, 0.05512156, -0.01509741
62.609, 0.07120605, 0.01828945, 0.03272878, 0.07266121, 0.01118725, 0.03272878
62.839, -0.02788388, 0.04841408, -0.04243506, -0.02335349, 0.05075479, -0.04243506
63.079, 0.07719387, 0.0713152, -0.06602223, 0.08221525, 0.065463, -0.06602223
63.329, -0.09702104, 0.124839, -0.004151174, -0.09088957, 0.1293713, -0.004151174
63.574, -0.03473774, 0.1106178, 7.052645e-05, -0.03063879, 0.1118225, 7.052645e-05
63.779, 0.05579851, 0.1267121, -0.01484053, 0.06339811, 0.1230858, -0.01484053
64.054, 0.1328694, -0.01823485, -0.08139297, 0.1305857, -0.03056395, -0.08139297
64.294, 0.2293001, -0.09914789, -0.06433578, 0.2200131, -0.1183346, -0.06433578
64.490, 0.0775547, -0.04366571, -0.0588679, 0.07328425, -0.05050588, -0.0588679
64.689, 0.03274053, 0.07511103, -0.03679725, 0.0386949, 0.07222406, -0.03679725
64.909, 0.06282598, 0.10931, -0.1042067, 0.07079118, 0.1043283, -0.1042067
65.135, -0.1038072, 0.1737204, 0.2157736, -0.09292148, 0.1797785, 0.2157736
65.354, -0.04271824, 0.04247553, 0.3850591, -0.04176659, 0.04341165, 0.3850591
65.619, 0.04295528, -0.01561922, 0.6266161, 0.04228032, -0.01736349, 0.6266161
65.844, 0.0362903, -0.08691849, 0.7388561, 0.03221691, -0.0885092, 0.7388561
66.059, 0.128521, -0.09977611, 0.7634973, 0.1220109, -0.1076395, 0.7634973
66.284, 0.06651855, -0.04781305, 0.5263875, 0.06292018, -0.05245814, 0.5263875
66.514, 0.05333468, -0.009316793, 0.4200705, 0.05266738, -0.01255138, 0.4200705
66.744, 0.07714078, 0.1669852, 0.1300528, 0.08449966, 0.1633847, 0.1300528
66.944, -0.02952535, 0.1514791, 0.1581292, -0.02451067, 0.1523709, 0.1581292
67.164, -0.1248366, 0.1115076, 0.04847495, -0.1219472, 0.1146604, 0.04847495
67.419, -0.105072, 0.2612281, 0.01114674, -0.1001753, 0.2631448, 0.01114674
67.630, -0.02229566, 0.06387161, -0.03902958, -0.02252732, 0.06379028, -0.03902958
67.834, 0.04875052, 0.05763347, 0.01070602, 0.04871676, 0.05766201, 0.01070602
68.114, 0.04023875, -0.04055161, -0.03766805, 0.03981237, -0.04097029, -0.03766805
68.344, 0.06212814, 0.09119377, 0.04779055, 0.06324746, 0.09042107, 0.04779055
68.584, 0.1628415, -0.005475757, 0.04952452, 0.1628111, -0.006314753, 0.04952452
68.784, -0.02593835, 0.01630509, 0.08894517, -0.02586187, 0.01642613, 0.08894517
69.039, 0.04791423, -0.04474663, 0.02429726, 0.04673924, -0.04597258, 0.02429726
69.289, 0.02450159, 0.03450582, 0.01829433, 0.02674692, 0.03279607, 0.01829433
69.539, -0.05256321, -0.01670685, -0.05547311, -0.05393588, -0.01152954, -0.05547311
69.774, -0.03476859, 0.07719685, -0.05178102, -0.02687396, 0.08028698, -0.05178102
69.999, -0.1060496, 0.1318042, 0.01366266, -0.09349372, 0.1409886, 0.01366266
70.214, -0.1681749, 0.1205959, -0.08704483, -0.1579433, 0.1337165, -0.08704483
70.454, -0.1083959, 0.08955386, -0.05343284, -0.1012845, 0.09752436, -0.05343284
70.694, -0.1259363, 0.1227587, -0.0596259, -0.1159933, 0.1321938, -0.0596259
70.939, 0.03038915, -0.1331067, -0.1102223, 0.01865485, -0.1352513, -0.1102223
71.160, -0.01248367, -0.07152162, -0.04816684, -0.02064426, -0.06960602, -0.04816684
71.389, 0.1200984, -0.06103084, -0.07614575, 0.1120449, -0.07479522, -0.07614575
71.624, 0.09267249, -0.06374469, -0.07655054, 0.08412946, -0.07465796, -0.07655054
71.874, 0.04505627, 0.003302179, -0.07673225, 0.04512828, -0.002100012, -0.07673225
72.110, -0.06280779, 0.0558921, -0.09515771, -0.05602964, 0.06268512, -0.09515771
72.364, -0.03795892, -0.05228399, -0.08784975, -0.04358106, -0.04769892, -0.08784975
72.594, -0.008394487, -0.01141443, 0.01861488, -0.009488881, -0.01052225, 0.01861488
72.825, 0.0114098, 0.07165928, -0.01060906, 0.01707189, 0.07052508, -0.01060906
73.079, 0.3028574, 0.03994742, -0.09980143, 0.3048607, 0.0194515, -0.09980143
73.309, 0.2728164, -0.04279516, 0.04725468, 0.2687019, -0.06371425, 0.04725468
73.564, 0.4541175, -0.1115386, 0.05025411, 0.4460288, -0.1404347, 0.05025411
73.809, 0.3991242, -0.04915031, 0.1291165, 0.3970476, -0.06378902, 0.1291165
74.064, 0.3911271, -0.1082625, 0.06637744, 0.3912108, -0.1079596, 0.06637744
74.299, 0.3157796, -0.08197092, 0.08659087, 0.3184465, -0.07090746, 0.08659087
74.514, 0.3451262, -0.08809248, 0.01305899, 0.3497209, -0.06758447, 0.01305899
74.730, 0.2451303, -0.08738738, 0.02953821, 0.2492621, -0.07479188, 0.02953821
74.870, 0.1253847, -0.1931484, 0.04225593, 0.1313494, -0.1891427, 0.04225593
75.269, -0.007907924, -0.2272275, -0.09200377, -0.005161261, -0.2273065, -0.09200377
75.500, 0.1525269, -0.2515512, -0.0193128, 0.1577073, -0.2483362, -0.0193128
75.729, 0.05640443, -0.06253431, -0.06079479, 0.05763976, -0.06139753, -0.06079479
75.974, -0.06036135, 0.1543704, 0.04902904, -0.06168804, 0.153845, 0.04902904
76.184, -0.196513, 0.210901, -0.01560577, -0.1950596, 0.2122459, -0.01560577
76.429, -0.07157825, 0.165141, -0.04523138, -0.06867453, 0.1663695, -0.04523138
76.729, -0.1755752, 0.3280379, -0.1017621, -0.1612574, 0.3353081, -0.1017621
76.950, -0.1010243, 0.1344772, -0.1915392, -0.09180161, 0.1409343, -0.1915392
77.230, -0.04048292, 0.294357, -0.005621314, -0.0205727, 0.2964147, -0.005621314
77.494, -0.02597779, 0.2469368, -0.04523044, -0.003974868, 0.2482676, -0.04523044
77.734, -0.1301656, 0.1666588, 0.04060086, -0.1215264, 0.1730594, 0.04060086
77.994, 0.05000273, 0.0825599, -0.06004142, 0.05424012, 0.07983996, -0.06004142
78.239, 0.08739077, -0.01219129, -0.03430819, 0.08701123, -0.01465678, -0.03430819
78.494, 0.05431038, -0.1474254, 0.04871315, 0.05057686, -0.1487476, 0.04871315
78.719, 0.02766816, -0.1192837, -0.06532594, 0.02155159, -0.1205391, -0.06532594
78.974, 0.1817884, -0.1615603, -0.1033666, 0.1705545, -0.173378, -0.1033666
79.174, 0.1489573, -0.07408247, -0.1094941, 0.1434243, -0.08429683, -0.1094941
79.384, -0.02159778, -0.01429588, -0.06412581, -0.02242214, -0.01296471, -0.06412581
79.589, 0.0893853, 0.09525131, -0.07407746, 0.09357891, 0.09113469, -0.07407746
79.794, 0.08628878, 0.1187117, 0.05685138, 0.08947457, 0.1163294, 0.05685138
80.034, -0.02479618, 0.12289, -0.2093802, -0.02065423, 0.1236536, -0.2093802
80.229, -0.01535032, 0.09163501, -0.371067, -0.0111546, 0.09223981, -0.371067
80.454, -0.01298658, -0.06420238, -0.6334457, -0.01668772, -0.06334127, -0.6334457
80.669, 0.07773511, 0.01716102, -0.8089693, 0.0788138, 0.01120858, -0.8089693
80.894, -0.001792306, 0.028388, -0.7565387, 0.0004363549, 0.02844118, -0.7565387
81.119, -0.01752267, 0.1321952, -0.6404433, -0.007087753, 0.133163, -0.6404433
81.359, -0.1338086, 0.1360423, -0.3992094, -0.1214721, 0.1471623, -0.3992094
81.595, 0.06314763, 0.176241, -0.3631096, 0.07830177, 0.170051, -0.3631096
81.850, -0.06598812, 0.2216955, -0.1063496, -0.04655246, 0.2265749, -0.1063496
82.064, -0.01331203, 0.1165716, -0.09805667, -0.002585921, 0.1173008, -0.09805667
82.284, 0.09994511, 0.08715796, -0.06509473, 0.1077774, 0.07726303, -0.06509473
82.494, 0.06507213, -0.01607634, -0.02633008, 0.06332564, -0.02197033, -0.02633008
82.739, 0.04378476, -0.006770626, 0.04020194, 0.04292635, -0.01096702, 0.04020194
82.959, 0.03637915, -0.07095114, 0.05698572, 0.03137213, -0.07330278, 0.05698572
83.204, 0.1123518, -0.1779977, 0.05194389, 0.1021665, -0.1840329, 0.05194389
83.421, 0.09356815, -0.1620195, 0.1052902, 0.08525511, -0.166544, 0.1052902
83.699, 0.1836835, -0.1899429, 0.05910142, 0.1716259, -0.2009041, 0.05910142
83.914, 0.1792302, -0.2337858, -0.01712255, 0.1598769, -0.247424, -0.01712255
84.160, 0.04297774, -0.16563, -0.01354775, 0.02532854, -0.1692301, -0.01354775
84.419, 0.09667931, -0.07609031, -0.02612641, 0.08775827, -0.0862271, -0.02612641
84.694, 0.05851511, 0.03225394, -0.02408584, 0.06190021, 0.0251535, -0.02408584
84.929, -0.007106917, 0.07650604, -0.1039287, 0.003127687, 0.07677174, -0.1039287
85.170, -0.06536274, 0.220776, 0.0005259421, -0.03771497, 0.2271385, 0.0005259421
85.414, -0.09377114, 0.1923033, -0.10025, -0.07318349, 0.2010417, -0.10025
85.674, -0.08004959, 0.2082185, -0.05866883, -0.06056302, 0.2146975, -0.05866883
85.909, 0.03630511, 0.1804043, 0.03141291, 0.05075261, 0.176884, 0.03141291
86.124, 0.07449491, 0.09305433, -0.02341113, 0.08223136, 0.0862937, -0.02341113
86.384, 0.08551836, -0.0535377, -0.05993207, 0.08047114, -0.06086107, -0.05993207
86.619, 0.1615807, -0.08818413, 0.03505364, 0.1504303, -0.1060919, 0.03505364
86.849, 0.1480806, -0.1132296, 0.0512331, 0.1326658, -0.1309526, 0.0512331
87.094, 0.01307329, -0.03499211, 0.01115223, 0.007937396, -0.03650146, 0.01115223
87.324, -0.004589879, -0.06251424, -0.006396079, -0.01435531, -0.06101657, -0.006396079
87.519, -0.02488031, 0.09954457, 0.03264244, -0.01076918, 0.1020401, 0.03264244
87.789, -0.06900647, 0.2468928, 0.04168934, -0.03811611, 0.2535056, 0.04168934
88.059, -0.04192121, 0.3613841, -0.03061115, -0.004306804, 0.363782, -0.03061115
88.290, -0.06219156, 0.5926163, -0.05329289, -0.01020137, 0.5957834, -0.05329289
88.554, -0.006562698, 0.6457174, -0.01049753, 0.05167922, 0.6436795, -0.01049753
88.770, 0.04494649, 0.4580105, -0.06891472, 0.07517514, 0.4540291, -0.06891472
89.024, 0.2438389, 0.2692153, -0.01558854, 0.2560576, 0.2576215, -0.01558854
89.254, 0.1255319, 0.2134505, -0.008871103, 0.1308677, 0.2102213, -0.008871103
89.504, 0.09053686, 0.03103567, -0.03827959, 0.09113553, 0.029231, -0.03827959
89.754, 0.1638215, 0.06241716, -0.04907046, 0.1657341, 0.05714538, -0.04907046
90.004, 0.07398519, 0.03784677, 0.01005298, 0.07589655, 0.03385114, 0.01005298
90.244, 0.1244523, -0.07448903, 0.03926543, 0.1195923, -0.08206506, 0.03926543
90.464, -0.003061942, 0.1093281, -0.1002584, 0.003834204, 0.1093037, -0.1002584
90.704, -0.03473447, 0.05039578, -0.1007292, -0.03141864, 0.05252701, -0.1007292
90.930, -0.03502551, 0.1506143, -0.05489845, -0.02438372, 0.1526987, -0.05489845
91.169, -0.09921026, 0.2930114, 0.005528043, -0.07696436, 0.2996245, 0.005528043
91.374, -0.05962217, 0.1923971, -0.002838017, -0.04527434, 0.1962694, -0.002838017
91.669, -0.1148511, 0.1249215, 0.08708044, -0.1063205, 0.1322578, 0.08708044
91.914, 0.005567526, 0.1259924, 0.1307261, 0.01509512, 0.1252087, 0.1307261
92.154, 0.02699728, 0.07599168, 0.01720277, 0.03165334, 0.07417314, 0.01720277
92.389, 0.05750565, 0.1718291, 0.03898609, 0.06542937, 0.1689708, 0.03898609
92.609, 0.02885593, 0.1193133, 0.001008376, 0.03224017, 0.1184436, 0.001008376
92.844, 0.06436635, 0.1133731, 0.05701079, 0.06823709, 0.1110864, 0.05701079
93.109, 0.003063461, 0.0186494, 0.02486805, 0.003774569, 0.01851858, 0.02486805
93.320, 0.1792911, 0.05671094, 0.003888323, 0.1815658, 0.04894177, 0.003888323
93.589, 0.06819722, -0.07573412, 0.03561696, 0.06472313, -0.07872379, 0.03561696
93.824, 0.06019075, 0.05369386, 0.04980882, 0.06258748, 0.0508799, 0.04980882
94.054, 0.03349502, 0.1067675, -0.01386973, 0.03880971, 0.1049525, -0.01386973
94.294, -0.008749394, 0.1353096, -0.02763041, -0.001530574, 0.1355835, -0.02763041
94.554, -0.04245584, 0.1029156, 0.0005120396, -0.03695725, 0.1050156, 0.0005120396
94.794, -0.09719037, 0.1330437, -0.07654271, -0.0887266, 0.1388315, -0.07654271
95.039, 0.001397866, 0.02715234, 0.1157245, 0.003569895, 0.02695291, 0.1157245
95.250, 0.0008701697, 0.08809678, 0.250977, 0.009406213, 0.0875975, 0.250977
95.440, -0.08282962, 0.1149814, 0.4507985, -0.07185417, 0.1221411, 0.4507985
95.669, -0.05700525, 0.1305083, 0.6265866, -0.04357482, 0.1355848, 0.6265866
95.884, -0.03418145, 0.1544883, 0.5970148, -0.01849756, 0.1571396, 0.5970148
96.110, -0.1621059, 0.08844607, 0.5499807, -0.1535854, 0.1025307, 0.5499807
96.339, -0.08193371, 0.1181011, 0.4530413, -0.07236937, 0.1241921, 0.4530413
96.579, 0.03463154, 0.0145318, 0.2717793, 0.03568127, 0.01172022, 0.2717793
96.830, 0.07321481, 0.04683245, 0.2029257, 0.07583206, 0.04246395, 0.2029257
97.090, 0.1117824, -0.06898164, 0.1431688, 0.1087716, -0.07363766, 0.1431688
97.324, 0.09604914, -0.1178356, -0.08476035, 0.09166566, -0.1212768, -0.08476035
97.589, 0.181032, -0.09695126, 0.0707971, 0.177991, -0.1024273, 0.0707971
97.824, 0.1535052, -0.2340845, 0.08928489, 0.1515215, -0.2353734, 0.08928489
98.094, 0.1933749, -0.1482622, 0.07031778, 0.193163, -0.1485381, 0.07031778
98.335, 0.2607812, -0.1386699, 0.01631458, 0.2586531, -0.1425999, 0.01631458
98.594, 0.1005407, -0.1023008, 0.09414261, 0.09811465, -0.1046298, 0.09414261
98.854, 0.08651978, -0.1732039, 0.1469218, 0.07924645, -0.1766501, 0.1469218
99.114, 0.04094988, -0.1239994, -0.01684596, 0.03526607, -0.125734, -0.01684596
99.354, -0.0369472, -0.1212578, -0.008782815, -0.043608, -0.1190248, -0.008782815
99.609, -0.1709206, 0.004936987, -0.06334606, -0.1707051, 0.009900613, -0.06334606
99.870, -0.1551671, 0.112876, -0.1372641, -0.1494851, 0.1202998, -0.1372641
100.115, -0.1236196, 0.05945527, -0.1048148, -0.1202163, 0.06606645, -0.1048148
100.374, -0.07223218, 0.0280752, -0.1088586, -0.06925515, 0.03477684, -0.1088586
100.629, 0.03550549, 0.09343109, -0.1117426, 0.04713526, 0.08813781, -0.1117426
100.854, 0.07844891, 0.01752402, 0.05686924, 0.08034302, 0.002514472, 0.05686924
101.060, -0.06783979, 0.1075421, -0.006168085, -0.04726361, 0.1180411, -0.006168085
101.200, -0.1868732, 0.1752104, -0.07650048, -0.1572386, 0.2022284, -0.07650048
101.504, -0.2011614, 0.2559285, -0.09470285, -0.1609925, 0.2829253, -0.09470285
101.789, -0.1371243, 0.1122956, -0.107479, -0.1202651, 0.130191, -0.107479
102.015, -0.05841595, 0.1460647, -0.005377884, -0.03956144, 0.1522571, -0.005377884
102.244, 0.05370636, 0.05996439, -0.05797569, 0.06055561, 0.05303885, -0.05797569
102.489, 0.1005397, 0.01891117, 0.0001850083, 0.1020211, 0.007587644, 0.0001850083
102.694, 0.237207, -0.1078755, -0.01876446, 0.2246634, -0.1320251, -0.01876446
102.919, 0.1158256, -0.0886281, 0.04273415, 0.10692, -0.09918986, 0.04273415
103.179, 0.0218823, -0.02092775, 0.02789893, 0.02011475, -0.02263189, 0.02789893
103.374, -0.0634977, 0.04241248, -0.1074321, -0.06040405, 0.04671325, -0.1074321
103.579, -0.1937956, -0.007981288, -0.02523225, -0.1939588, 0.0006247163, -0.02523225
103.794, -0.2393662, -0.03952747, -0.0863276, -0.2401257, -0.03461568, -0.0863276
104.019, -0.1773396, 0.009310326, -0.1025514, -0.1772546, 0.01080856, -0.1025514
104.259, -0.08187973, -0.07473769, -0.1167269, -0.08195071, -0.07465986, -0.1167269
104.489, 0.0587662, -0.005869645, 0.02815043, 0.05872219, -0.006294806, 0.02815043
104.730, -0.04335235, -0.03144481, -0.08363923, -0.04368819, -0.03097651, -0.08363923
104.949, 0.06283031, -0.1039317, -0.02530634, 0.06049984, -0.1053054, -0.02530634
105.189, -0.0233749, -0.02412774, -0.09966507, -0.02426954, -0.02322765, -0.09966507
105.444, -0.02992049, 0.1277528, -0.07674826, -0.02299026, 0.12918, -0.07674826
105.694, -0.07037751, 0.1588715, -0.03406682, -0.06175809, 0.1624164, -0.03406682
105.919, -0.1611666, 0.1454407, -0.09772421, -0.1559257, 0.1510459, -0.09772421
106.134, -0.09698436, 0.1555678, 0.06509696, -0.09439937, 0.1571498, 0.06509696
106.350, -0.1389096, 0.3283606, 0.01449002, -0.1378178, 0.3288203, 0.01449002
106.589, -0.06611583, 0.1646455, -0.03320355, -0.06625381, 0.16459, -0.03320355
106.819, -0.04432269, 0.02082107, -0.02919769, -0.0440479, 0.02139628, -0.02919769
107.089, 0.09969831, 0.07914868, -0.02984116, 0.1013798, 0.0769831, -0.02984116
107.319, 0.01619193, -0.03164433, -0.0522413, 0.01528072, -0.03209426, -0.0522413
107.569, -0.07626885, 0.07895555, 0.05693118, -0.07267039, 0.08227958, 0.05693118
107.804, -0.09640146, -0.03842828, 0.04798181, -0.09904458, -0.0309862, 0.04798181
108.039, -0.02276876, -0.02221527, 0.05993854, -0.02540804, -0.01914071, 0.05993854
108.269, -0.2550642, 0.09664918, -0.006946108, -0.240605, 0.1284837, -0.006946108
108.469, -0.2753366, 0.2190533, 0.08635025, -0.2436794, 0.253801, 0.08635025
108.704, -0.3268258, 0.2044978, -0.04302389, -0.295036, 0.2481698, -0.04302389
108.950, -0.2388706, 0.1583022, -0.1620339, -0.2119692, 0.1928414, -0.1620339
109.204, -0.238922, 0.04641772, -0.2278343, -0.2304778, 0.07821976, -0.2278343
109.429, -0.08922593, 0.07403071, -0.1530045, -0.07960647, 0.08428893, -0.1530045
109.674, 0.05227995, -0.05801886, -0.1819269, 0.04583156, -0.06323645, -0.1819269
109.909, 0.1941285, -0.06416205, -0.1701839, 0.1882757, -0.07971762, -0.1701839
110.154, 0.2584511, -0.1351518, -0.3771897, 0.2498917, -0.1503897, -0.3771897
110.384, 0.3118515, -0.2328021, -0.58507, 0.3013995, -0.2461839, -0.58507
110.584, 0.3590899, -0.1890484, -0.7007539, 0.3559861, -0.1948301, -0.7007539
110.829, 0.4928026, -0.2920126, -0.7045218, 0.487216, -0.3012415, -0.7045218
111.029, 0.3502057, -0.2339455, -0.5109185, 0.3447882, -0.2418586, -0.5109185
111.229, 0.3649874, -0.2186273, -0.3111827, 0.3586276, -0.2289104, -0.3111827
111.449, 0.1397137, -0.2174, -0.1770758, 0.1361034, -0.2196783, -0.1770758
111.649, 0.09021349, -0.0143657, -0.09958581, 0.09005604, -0.01532178, -0.09958581
111.855, 0.03608821, 0.0264132, -0.05778825, 0.03672988, 0.02551338, -0.05778825
112.084, -0.0394686, 0.1439389, -0.1420806, -0.03220413, 0.1457363, -0.1420806
112.304, 0.01854253, 0.2234368, -0.2121234, 0.03635161, 0.2212383, -0.2121234
112.519, -0.1050058, 0.291867, -0.1650782, -0.07338503, 0.3013755, -0.1650782
112.750, -0.1190049, 0.2670499, -0.2678838, -0.08402352, 0.2800319, -0.2678838
112.974, -0.2283252, 0.4048046, -0.1077005, -0.1699904, 0.4325534, -0.1077005
113.199, -0.3572542, 0.3952039, -0.07601994, -0.2954327, 0.443324, -0.07601994
113.404, -0.376265, 0.3094651, -0.0702334, -0.3296663, 0.3586978, -0.0702334
113.640, -0.2628776, 0.1420345, 0.001302199, -0.2427515, 0.1742129, 0.001302199
113.870, -0.2055528, 0.09137622, 0.02036962, -0.1922692, 0.1167652, 0.02036962
114.114, -0.05978724, 0.02368458, 0.08576461, -0.05694716, 0.02987464, 0.08576461
114.334, -0.02503423, -0.1248895, -0.04231794, -0.03524407, -0.1224008, -0.04231794
114.554, 0.2140426, -0.1635044, -0.0309404, 0.1947818, -0.1860322, -0.0309404
114.805, 0.2709847, -0.1720959, 0.01257245, 0.2456106, -0.2067005, 0.01257245
115.025, 0.1616629, -0.1934603, 0.04903723, 0.1363346, -0.2120722, 0.04903723
115.234, 0.1281072, -0.2197396, 0.04228698, 0.09959459, -0.2340467, 0.04228698
115.424, 0.20008, -0.1537045, 0.005345448, 0.1823159, -0.1744076, 0.005345448
115.634, 0.1343322, -0.01667536, -0.0533702, 0.132163, -0.02925979, -0.0533702
115.844, 0.04661755, 0.04749751, -0.07880993, 0.05008698, 0.04382356, -0.07880993
116.089, 0.1055068, 0.009195583, 0.01549456, 0.1058863, 0.002082268, 0.01549456
116.279, 0.08676093, 0.02912178, -0.06989856, 0.08854311, 0.02314423, -0.06989856
116.529, 0.08349665, -0.008419652, -0.02214231, 0.08273641, -0.01404515, -0.02214231
116.745, 0.134052, -0.01506034, 0.001266695, 0.132702, -0.02422687, 0.001266695
116.949, 0.1346126, 0.03541492, -0.04317346, 0.1369139, 0.02508735, -0.04317346
117.180, 0.1017133, -0.05685552, -0.02311676, 0.09624183, -0.06569363, -0.02311676
117.429, -0.04209887, 0.04338366, -0.02673087, -0.03781148, 0.04716724, -0.02673087
117.675, 0.02373363, -0.01433566, -0.08632033, 0.02220045, -0.01661132, -0.08632033
117.914, -0.01606908, -0.1495636, -0.01618247, -0.0298719, -0.1474284, -0.01618247
118.169, -0.1376537, -0.2535327, -0.05309589, -0.158445, -0.2410862, -0.05309589
118.409, 0.0209234, -0.4976226, -0.05470709, -0.02397462, -0.4974849, -0.05470709
118.664, -0.09917872, -0.5581983, -0.02844014, -0.1481526, -0.5472409, -0.02844014
118.915, -0.00340556, -0.624287, -0.008308101, -0.06452505, -0.6209528, -0.008308101
119.154, 0.09086882, -0.4136821, -0.0514519, 0.04889293, -0.4207131, -0.0514519
119.349, 0.0395354, -0.3332796, -0.005339934, 0.008683763, -0.335504, -0.005339934
119.619, 0.1234616, -0.2569658, 0.04658428, 0.1093866, -0.2632656, 0.04658428
119.849, 0.07622844, -0.1404232, -0.01150885, 0.07206914, -0.1426026, -0.01150885
120.104, -0.001771422, -0.1308725, 0.05870597, -0.006373658, -0.1307292, 0.05870597
120.339, 0.06468091, -0.03176761, 0.02838599, 0.06242003, -0.03600752, 0.02838599
120.564, 0.1076967, -0.08645162, 0.06248459, 0.0986236, -0.09667398, 0.06248459
120.784, 0.1012973, -0.02079469, -0.1060001, 0.09806414, -0.03281759, -0.1060001
121.019, 0.1626414, 0.03863318, -0.04269052, 0.1664618, 0.01533685, -0.04269052
121.264, -0.07834461, 0.1467102, -0.03705025, -0.05480394, 0.1570295, -0.03705025
121.514, -0.07679549, 0.1478128, -0.002653262, -0.05186415, 0.1582917, -0.002653262
121.754, -0.2465973, 0.1867286, -0.04947106, -0.2144592, 0.2229015, -0.04947106
122.004, -0.1514979, 0.1509921, 0.03263386, -0.1265945, 0.1724067, 0.03263386
122.244, -0.1476488, 0.1005099, -0.008791231, -0.1317125, 0.1206409, -0.008791231
122.470, -0.07219505, 0.03806753, -0.0783467, -0.06615169, 0.04780392, -0.0783467
122.709, -0.001829718, -0.03405096, -0.03451096, -0.006323461, -0.03350865, -0.03451096
122.909, 0.07375849, -0.08423089, -0.009299305, 0.06297547, -0.09257022, -0.009299305
123.120, 0.06917162, -0.1390931, 0.002651501, 0.05431359, -0.1455391, 0.002651501
123.389, 0.2063867, -0.1950267, -0.06877996, 0.1869726, -0.2137103, -0.06877996
123.614, 0.275185, -0.1548968, -0.01255524, 0.2568957, -0.183642, -0.01255524
123.849, 0.2460484, -0.1515895, 0.02835906, 0.2268003, -0.1791113, 0.02835906
124.090, 0.09710718, -0.1283233, 0.05993929, 0.07854556, -0.1404538, 0.05993929
124.334, 0.04579183, -0.1259886, -0.03666265, 0.02785185, -0.1311271, -0.03666265
124.564, 0.03265654, -0.1060847, -0.002953064, 0.01821369, -0.1094928, -0.002953064
124.804, -0.07135911, -0.04991784, -0.114732, -0.07688257, -0.04090212, -0.114732
125.050, -0.0639778, -0.06824686, -0.02652317, -0.07168045, -0.0601058, -0.02652317
125.289, -0.03016583, 0.07681511, 0.2626097, -0.02287962, 0.07929099, 0.2626097
125.519, 0.01758369, 0.003321428, 0.5668548, 0.01776978, 0.002110248, 0.5668548
125.759, -0.04785724, -0.03173348, 0.7096226, -0.05001132, -0.02821696, 0.7096226
125.994, 0.1280755, -0.09733073, 0.7381954, 0.1173015, -0.1100771, 0.7381954
126.224, 0.08167297, -0.09815065, 0.5888914, 0.07030723, -0.1065876, 0.5888914
126.479, 0.1622183, -0.1079785, 0.3942653, 0.1453328, -0.1298172, 0.3942653
126.690, 0.08136286, -0.04409746, 0.2088964, 0.07378531, -0.055859, 0.2088964
126.904, -0.05553527, 0.0289191, 0.09937532, -0.05022111, 0.03739414, 0.09937532
127.154, -0.02866981, 0.1143504, 0.00585275, -0.01085835, 0.1173885, 0.00585275
127.384, -0.1142475, 0.2068928, 0.01154924, -0.08460005, 0.2206806, 0.01154924
127.639, -0.05150324, 0.2410415, -0.03476128, -0.02094458, 0.2455909, -0.03476128
127.865, -0.1300731, 0.2027721, 0.07152104, -0.110748, 0.2139402, 0.07152104
128.049, -0.02984027, 0.1282239, -0.009999389, -0.02190468, 0.1298153, -0.009999389
128.279, 0.03423297, -0.01358803, 0.06133702, 0.0335943, -0.01509813, 0.06133702
128.539, 0.06278215, -0.1656133, 0.0499868, 0.05537855, -0.1682337, 0.0499868
128.810, 0.1624463, -0.1959003, 0.0456257, 0.1464495, -0.2081304, 0.0456257
129.034, 0.1458167, -0.09424881, 0.05810132, 0.1342292, -0.1101265, 0.05810132
129.254, 0.1458753, -0.06919108, 0.003396337, 0.1341983, -0.08976543, 0.003396337
129.484, -0.004020694, 0.2284937, -0.09935389, 0.03256525, 0.2261969, -0.09935389
129.670, -0.06574459, 0.2132635, -0.0399703, -0.03740726, 0.2200099, -0.0399703
129.899, -0.1890789, 0.3100689, -0.02312009, -0.145613, 0.3327017, -0.02312009
130.119, -0.1369577, 0.3287239, 0.06493612, -0.09817475, 0.3423135, 0.06493612
130.330, -0.1561482, 0.20367, -0.09629466, -0.1348026, 0.218385, -0.09629466
130.609, -0.1369489, 0.176216, -0.0639125, -0.1190468, 0.1887722, -0.0639125
130.864, 0.002738367, -0.07450274, -0.04039378, -0.004045664, -0.07444319, -0.04039378
131.084, 0.1737959, -0.09225705, -0.04020613, 0.1597824, -0.1148302, -0.04020613
131.324, 0.1679583, -0.1169417, -0.08038674, 0.1499193, -0.1393183, -0.08038674
131.559, -0.01171123, -0.06973537, 0.05760744, -0.02154797, -0.0673488, 0.05760744
131.759, 0.006171209, -0.03177088, 0.03713547, 0.002012387, -0.03230206, 0.03713547
131.979, -0.002991999, 0.1148641, -0.05364511, 0.01055796, 0.114417, -0.05364511
132.199, -0.001149377, 0.1055442, -0.09126741, 0.01341699, 0.1046942, -0.09126741
132.434, -0.06863241, 0.07227217, -0.004808987, -0.05806325, 0.08100823, -0.004808987
132.664, 0.04880654, 0.08801294, 0.01814646, 0.05890678, 0.0815987, 0.01814646
132.899, 0.1250455, 0.113856, -0.00675151, 0.1338715, 0.1033344, -0.00675151
133.114, 0.1560237, 0.02370738, -0.07631433, 0.1567854, 0.01799411, -0.07631433
133.344, 0.2969928, 0.03763838, -0.05929413, 0.2976886, 0.0316681, -0.05929413
133.610, 0.4432847, 0.08928972, -0.004917641, 0.4444374, 0.08336283, -0.004917641
133.829, 0.4822232, 0.008638763, -0.0386887, 0.4822392, 0.007692807, -0.0386887
134.060, 0.369972, -0.06006945, 0.04896808, 0.3693046, -0.06404452, 0.04896808
134.279, 0.3361891, -0.02726552, -0.004859487, 0.3351331, -0.03810968, -0.004859487
134.510, 0.1976631, 0.06130311, 0.03608561, 0.1997201, 0.05422774, 0.03608561
134.724, 0.0394711, 0.03806493, 0.08989967, 0.04087359, 0.03655484, 0.08989967
134.964, -0.03736499, 0.07833979, 0.1080104, -0.03547143, 0.07921516, 0.1080104
135.184, -0.07909366, 0.1431993, -0.05063264, -0.07342025, 0.1461893, -0.05063264
135.414, -0.08159328, 0.03687833, 0.01186922, -0.08011993, 0.03997839, 0.01186922
135.674, -0.02928873, 0.112242, -0.0365328, -0.02540728, 0.1131838, -0.0365328
135.899, -0.04787916, 0.05310611, -0.07580286, -0.04311717, 0.05704018, -0.07580286
136.114, -0.02203907, 0.1213045, -0.03294883, -0.01105149, 0.122794, -0.03294883
136.340, -0.05947079, 0.06491114, -0.04809242, -0.05358389, 0.06984982, -0.04809242
136.585, -0.05365961, 0.1807666, -0.1720399, -0.0348907, 0.1853067, -0.1720399
136.824, -0.07556635, 0.1381415, -0.06307264, -0.06160442, 0.1449077, -0.06307264
137.019, -0.1185974, 0.03461391, -0.1181195, -0.1162083, 0.04194148, -0.1181195
137.314, -0.09133229, 0.05467395, 0.02117197, -0.08912575, 0.0582016, 0.02117197
137.550, -0.1312524, -0.04247255, -0.1158872, -0.1322486, -0.03926092, -0.1158872
137.764, 0.06383937, -0.1348793, -0.03477521, 0.05898513, -0.1370717, -0.03477521
137.989, 0.09510288, -0.1420084, 0.03185862, 0.08877182, -0.1460497, 0.03185862
138.214, 0.173485, -0.190671, -0.05536584, 0.1569613, -0.2044886, -0.05536584
138.434, 0.08042768, -0.06895903, 0.01828794, 0.0741808, -0.07563841, 0.01828794
138.654, 0.06473736, -0.02446924, -0.003475357, 0.06276621, -0.02915601, -0.003475357
138.884, -0.05825087, 0.0493753, 0.01997275, -0.05463078, 0.05335319, 0.01997275
139.099, -0.01916829, 0.08011876, -0.1351822, -0.01276735, 0.08138449, -0.1351822
139.325, -0.0648459, 0.08387816, 0.01477654, -0.05678577, 0.08953162, 0.01477654
139.559, -0.03079402, 0.1594437, -0.06885231, -0.01548519, 0.1616502, -0.06885231
139.774, -0.1693839, 0.1257408, -0.01606698, -0.1528851, 0.145354, -0.01606698
139.969, -0.01113082, 0.1159349, -0.2328482, -0.002340983, 0.1164445, -0.2328482
140.194, 0.04588324, -0.06809435, -0.4244791, 0.04028129, -0.0715509, -0.4244791
140.419, 0.06991544, -0.03096484, -0.6260815, 0.06737972, -0.03615195, -0.6260815
140.624, 0.04035546, -0.02582805, -0.761461, 0.03867638, -0.02828055, -0.761461
140.869, 0.1500558, -0.03842414, -0.7689479, 0.1475135, -0.04725401, -0.7689479
141.249, 0.1277694, -0.08328482, -0.5917132, 0.1213303, -0.09241394, -0.5917132
141.489, 0.07390416, 0.004770474, -0.4660237, 0.07400349, -0.00284036, -0.4660237
141.714, 0.06720847, -0.03572369, -0.2749693, 0.06201451, -0.04412892, -0.2749693
141.949, 0.02062755, 0.01071595, -0.2235278, 0.02210341, 0.007194906, -0.2235278
142.150, 0.08101921, 0.1374323, -0.1463665, 0.1029867, 0.1218421, -0.1463665
142.369, -0.07066298, 0.05151999, -0.1926758, -0.06082698, 0.06283028, -0.1926758
142.584, -0.004964961, 0.2359987, -0.06085791, 0.03565102, 0.2333432, -0.06085791
142.839, -0.04241155, 0.1599289, -0.09400278, -0.01543792, 0.1647351, -0.09400278
143.059, -0.05009713, 0.1515379, -0.03526992, -0.0287378, 0.1569955, -0.03526992
143.279, -0.007314079, 0.07713617, -0.06631366, 0.002738476, 0.07743375, -0.06631366
143.544, 0.004808764, -0.05054383, -0.002775616, -0.0007261964, -0.05076687, -0.002775616
143.814, 0.091482, -0.08474079, -0.04488787, 0.08354279, -0.09257731, -0.04488787
144.089, 0.222953, -0.317171, 0.01867169, 0.2045351, -0.3293492, 0.01867169
144.334, 0.4345252, -0.3372044, -0.02307563, 0.4105803, -0.3659818, -0.02307563
144.554, 0.27311, -0.3487245, 0.08604016, 0.2431091, -0.3702646, 0.08604016
144.799, 0.2637088, -0.3381892, -0.05369215, 0.2401038, -0.355337, -0.05369215
145.024, 0.2106056, -0.1768127, -0.01747079, 0.2011789, -0.1874686, -0.01747079
145.274, 0.1394408, -0.1860372, -0.0615226, 0.1269569, -0.1947705, -0.0615226
145.494, 0.1223779, -0.1098329, 0.06459963, 0.1202588, -0.1121491, 0.06459963
145.724, 0.09935074, 0.04201762, -0.006945548, 0.09981225, 0.04090923, -0.006945548
145.984, -0.03786714, 0.06872906, 0.05763648, -0.03662742, 0.06939767, 0.05763648
146.209, 0.01565606, 0.129265, -0.07633187, 0.02151844, 0.1284193, -0.07633187
146.429, -0.08103849, 0.1175993, -0.2491603, -0.07366652, 0.1223523, -0.2491603
146.684, -0.191828, 0.1910897, -0.3827373, -0.1785799, 0.2035251, -0.3827373
146.949, -0.1981967, 0.2249979, -0.5219657, -0.1769614, 0.2420551, -0.5219657
147.184, -0.2333406, 0.1905017, -0.5347093, -0.2173459, 0.2085654, -0.5347093
147.449, -0.2860124, 0.2567876, -0.4992789, -0.2638316, 0.2795279, -0.4992789
147.674, -0.1966332, 0.1040915, -0.2022917, -0.1884237, 0.1183054, -0.2022917
147.899, -0.1361775, 0.1057582, 0.1407145, -0.1295542, 0.1137753, 0.1407145
148.124, -0.1143418, 0.1324444, 0.3147133, -0.109107, 0.136789, 0.3147133
148.344, -0.2059057, 0.02464556, 0.3692207, -0.2051914, 0.03001759, 0.3692207
148.569, -0.27532, 0.115226, 0.3435386, -0.2728403, 0.1209807, 0.3435386
148.804, -0.2653703, 0.1629005, 0.2037639, -0.2614739, 0.1690839, 0.2037639
149.019, -0.3084087, 0.0280215, 0.1095123, -0.3072884, 0.03840545, 0.1095123
149.224, -0.2336262, -0.05878835, 0.01521868, -0.2349885, -0.05308207, 0.01521868
149.464, -0.2477373, -0.013043, -0.2659999, -0.2480322, -0.004889291, -0.2659999
149.699, -0.3029809, -0.03022019, -0.3605516, -0.3034708, -0.0248226, -0.3605516
149.959, -0.1922265, -0.1678862, -0.4200189, -0.1929882, -0.1670101, -0.4200189
150.184, -0.178065, -0.137163, -0.4583119, -0.1773763, -0.1380524, -0.4583119
150.410, -0.1412251, -0.1689944, -0.3913524, -0.1422763, -0.1681105, -0.3913524
150.649, -0.04839122, -0.03788326, -0.310733, -0.04918255, -0.03685008, -0.310733
150.884, -0.09575666, 0.02292499, -0.3125646, -0.09542959, 0.02425051, -0.3125646
151.104, -0.11003, -0.05534307, -0.1981647, -0.1122207, -0.05075403, -0.1981647
151.339, -0.1846135, 0.08079028, -0.2150058, -0.1790625, 0.0924436, -0.2150058
151.574, -0.3003066, 0.1197596, -0.09592663, -0.2918194, 0.1391684, -0.09592663
151.844, -0.1222418, 0.1450991, 0.01028147, -0.1124337, 0.152825, 0.01028147
152.079, -0.184179, 0.04695192, -0.04372855, -0.181718, 0.05572212, -0.04372855
152.300, -0.1203885, 0.1242304, 0.01776847, -0.1147023, 0.1294989, 0.01776847
152.550, -0.07279932, -0.001533282, -0.03612706, -0.07281376, 0.0004989026, -0.03612706
152.814, -0.005074237, 0.02251091, -0.1261767, -0.004550008, 0.0226227, -0.1261767
153.059, 0.1276854, 0.03081132, -0.200884, 0.1282281, 0.02846872, -0.200884
153.319, 0.1159122, -0.02819093, -0.1055642, 0.115778, -0.02873708, -0.1055642
153.544, 0.1103305, -0.01909084, -0.09524912, 0.1100175, -0.02081929, -0.09524912
153.739, 0.108123, 0.01770486, -0.1228559, 0.1083941, 0.01596111, -0.1228559
153.934, -0.01355191, -0.02747345, -0.114497, -0.01393592, -0.02728067, -0.114497
154.160, 0.1161442, 0.02429492, 0.02407459, 0.1164644, 0.02271019, 0.02407459
154.394, -0.03630408, 0.006338543, -0.04819214, -0.03621238, 0.006842966, -0.04819214
154.664, 0.04063025, -0.02719819, 0.05757818, 0.04025503, -0.02775053, 0.05757818
154.889, 0.03026126, 0.04823611, -0.03707191, 0.03097204, 0.04778283, -0.03707191
155.125, 0.06252617, -0.01016374, 0.005510036, 0.06234673, -0.01121199, 0.005510036
155.349, 0.04589262, -0.008088141, -0.02554417, 0.04576834, -0.008764121, -0.02554417
155.594, 0.02026687, 0.0252216, 0.08183482, 0.02063939, 0.02491768, 0.08183482
155.849, 0.07293165, -0.01572436, -0.02720827, 0.07268224, -0.01683968, -0.02720827
156.084, 0.05173186, -0.006453916, -0.02718891, 0.05162994, -0.007224104, -0.02718891
156.354, 0.06862514, -0.07773262, -0.1074802, 0.06746282, -0.0787435, -0.1074802
156.589, 0.06779597, -0.06536128, 0.004219107, 0.06681649, -0.06636225, 0.004219107
156.849, 0.03376774, -0.009175634, 0.03339731, 0.0336282, -0.009674556, 0.03339731
157.095, 0.1269954, 0.0392867, -0.03389468, 0.1275702, 0.03737805, -0.03389468
157.344, 0.003378144, -0.007199068, -0.06858213, 0.003270339, -0.007248678, -0.06858213
157.599, 0.02345415, 0.1027511, -0.06090636, 0.02500163, 0.1023856, -0.06090636
157.819, -0.02434432, 0.01952738, -0.1114233, -0.02403905, 0.01990197, -0.1114233
158.050, 0.005787862, 0.005820898, 0.01983422, 0.005876131, 0.005731779, 0.01983422
158.300, 0.03699288, 0.06801169, -0.0756272, 0.03800737, 0.06745, -0.0756272
158.549, -0.08095656, 0.02774219, -0.03397048, -0.08052332, 0.02897565, -0.03397048
158.785, -0.09097187, 0.04185297, -0.1054673, -0.09031867, 0.04324453, -0.1054673
159.020, 0.01859189, 0.01283528, -0.01344928, 0.01878976, 0.01254382, -0.01344928
159.239, -0.01326442, 0.04707076, -0.0297819, -0.01255385, 0.04726523, -0.0297819
159.480, -0.02659355, 0.07547244, 0.04472734, -0.02545691, 0.07586337, 0.04472734
159.694, 0.04219618, 0.01301421, 0.01659173, 0.04238601, 0.01238197, 0.01659173
159.924, 0.011963, 0.03514273, 0.1280313, 0.01242298, 0.03498277, 0.1280313
160.144, 0.03448575, -0.006347743, -0.01629426, 0.03438498, -0.006872706, -0.01629426
160.389, 0.08309334, 0.03274739, -0.0972703, 0.08358273, 0.03147732, -0.0972703
160.510, 0.05072228, 0.05327457, -0.003243547, 0.05152513, 0.05249847, -0.003243547
160.730, -0.01983158, 0.07941275, 0.07190954, -0.018584, 0.07971393, 0.07190954
